Example 1, SOR results 
     x=[ 3.69230769  0.92307692  3.53846154], 
     iterations = 21, 
     w=1.0514766477753479
Example 2, SOR results 
     x=[ 3.69230769  0.92307692  3.53846154], 
     iterations = 21, 
     w=1.051476647775353
